4
40
7.783129e-01
-2.731649e-10
0
0
0
0
0
0
0
3.642199e-15
0
0
0
0
0
0
0
0
0
0
2.075531e-19
0
0
0
1.557517e-07
1.165362e-08
1.714028e-05
1.841399e-07
-6.230253e-07
-3.027722e-08
-6.230253e-07
-6.856315e-05
7.175864e-03
6.855858e-01
7.175864e-03
-3.027722e-08
4.579221e-03
4.984163e-05
0
0
0
4.578771e-01
0
0
0
0
1.092660e-12
0
0
0
0
0
0
0
-1.040628e-17
0
0
0
0
0
0
0
0
0
0
-1.598692e-09
1.135347e-06
-1.759341e-07
1.793973e-05
-6.230045e-05
-4.541523e-06
-6.230045e-05
-6.856086e-03
-7.176103e-05
-6.856086e-03
7.175625e-01
-4.541523e-06
-8.563517e-03
0
9.749432e-04
0
0
1.548334e+02
0
0
0
0
0
0
0
0
0
0
0
0
0
0
0
0
0
0
0
0
0
0
0
0
0
0
0
0
7.250278e-03
9.946236e-02
0
0
0
0
7.250278e-03
7.893132e-01
0
0
4.989134e-04
0
7.893132e+01
0
0
0
0
0
0
0
0
0
0
0
0
0
0
0
0
0
0
0
0
0
0
0
0
0
0
0
0
0
0
0
0
0
0
7.250278e-01
1.979326e-01
0
0
0
4.081904e-04
