4
40
1.071134e-01
-9.825661e-12
0
0
0
0
0
0
0
3.275220e-17
0
0
0
0
0
0
0
0
0
0
4.090753e-22
0
0
0
-2.025607e-07
-2.380219e-09
7.766287e-07
4.480869e-09
8.102490e-07
6.184002e-09
-3.106538e-06
6.984915e-04
8.102490e-07
1.242594e-01
6.984915e-04
6.184002e-09
4.516319e-03
3.200003e-06
0
0
0
9.032777e-01
0
0
0
0
1.965132e-14
0
0
0
0
0
0
0
-4.678886e-20
0
0
0
0
0
0
0
0
0
0
1.039551e-09
-4.637951e-07
-3.985696e-09
8.731152e-07
1.620484e-04
1.855194e-06
-6.213024e-04
-3.492487e-06
1.620484e-04
-6.213024e-04
1.396971e-01
1.855194e-06
-3.956789e-04
0
2.905665e-04
0
0
1.573632e+02
0
0
0
0
0
0
0
0
0
0
0
0
0
0
0
0
0
0
0
0
0
0
0
0
0
0
0
0
3.864388e-03
0
0
3.375513e-01
0
0
3.864388e-03
3.968609e-01
0
0
1.247284e-04
0
7.937218e+01
0
0
0
0
0
0
0
0
0
0
0
0
0
0
0
0
0
0
0
0
0
0
0
0
0
0
0
0
0
0
0
0
0
0
7.728776e-01
9.896631e-02
0
0
0
2.040952e-04
